5  101  3
5  126  3
5  200  2
5  152  3
5  63  2
5  205  3
5  36  3
5  156  3
5  125  2
5  47  2
10  189  5
10  114  4
10  73  6
10  44  5
10  136  6
10  96  5
10  113  6
10  61  5
10  61  6
10  103  5
15  53  8
15  63  7
15  178  9
15  101  8
15  43  8
15  145  7
15  159  7
15  146  7
15  167  8
15  65  7
20  133  10
20  144  10
20  94  9
20  246  11
20  60  10
20  273  9
20  189  9
20  86  10
20  88  10
20  132  9
25  270  13
25  130  13
25  99  12
25  104  12
25  113  11
25  171  12
25  108  11
25  120  13
25  147  12
25  135  11
30  162  15
30  101  16
30  121  14
30  81  14
30  93  14
30  169  16
30  115  14
30  89  17
30  237  14
30  199  14
35  173  17
35  233  20
35  217  17
35  265  18
35  184  18
35  179  17
35  142  16
35  211  17
35  123  18
35  133  17
40  140  20
40  244  22
40  184  20
40  257  19
40  296  22
40  303  20
40  159  21
40  124  18
40  181  19
40  104  20
45  218  20
45  221  21
45  269  24
45  174  20
45  131  23
45  106  21
45  126  22
45  206  22
45  233  20
45  211  24
50  180  23
50  207  26
50  193  26
50  229  28
50  224  25
50  71  24
50  129  22
50  125  25
50  85  24
50  221  26
