5  125  4
5  69  4
5  58  4
5  136  4
5  81  2
5  89  4
5  53  4
5  67  4
5  46  4
5  99  4
10  57  6
10  101  8
10  51  8
10  80  10
10  220  8
10  96  8
10  20  10
10  56  8
10  22  8
10  219  8
15  91  12
15  21  12
15  85  14
15  56  10
15  120  12
15  129  10
15  141  12
15  178  12
15  129  12
15  119  14
20  85  14
20  88  16
20  107  16
20  124  18
20  177  14
20  89  14
20  53  16
20  170  16
20  73  14
20  67  18
25  186  22
25  186  18
25  55  18
25  78  20
25  103  18
25  127  18
25  84  18
25  74  20
25  74  18
25  165  18
30  157  24
30  101  22
30  91  24
30  41  22
30  46  22
30  94  24
30  118  22
30  23  24
30  91  22
30  160  24
35  61  26
35  86  28
35  148  24
35  118  26
35  94  26
35  33  30
35  81  22
35  121  24
35  74  26
35  32  24
40  171  32
40  128  34
40  57  28
40  76  26
40  227  32
40  94  32
40  127  32
40  30  30
40  61  32
40  40  32
45  169  34
45  111  34
45  182  36
45  122  30
45  148  40
45  18  28
45  197  36
45  80  34
45  113  36
45  50  36
50  103  36
50  131  38
50  124  42
50  78  42
50  65  34
50  20  34
50  120  32
50  140  40
50  9  32
50  120  44
