5  434  3
5  415  3
5  406  2
5  481  3
5  386  2
5  501  3
5  475  3
5  508  3
5  346  2
5  349  2
10  10298  5
10  3649  4
10  58062  6
10  8872  5
10  91903  6
10  8571  5
10  67938  6
10  9353  5
10  6838  5
10  9030  5
15  1242042  7
15  905629  7
15  0  0
15  1036388  7
15  0  0
15  1507117  7
15  1064993  7
15  1103774  7
15  1374834  7
15  1211799  7
20  0  0
20  0  0
20  0  0
20  0  0
20  0  0
20  140174650766888  0
20  0  0
20  0  0
20  139629773444648  0
20  140674650039848  0
25  0  0
25  0  0
25  0  0
25  139809425229352  0
25  0  0
25  0  0
25  0  0
25  140127508903464  0
25  0  0
25  140159533594152  0
30  140521975354920  0
30  0  0
30  140146878322216  0
30  140004413986344  0
30  0  0
30  0  0
30  0  0
30  0  0
30  140027219875368  0
30  0  0
35  139979992368680  0
35  0  0
35  0  0
35  0  0
35  0  0
35  0  0
35  140334385792552  0
35  139960520119848  0
35  140372303115816  0
35  140036484474408  0
40  0  0
40  0  0
40  140304622835240  0
40  0  0
40  140137443591720  0
40  0  0
40  139833387718184  0
40  0  0
40  0  0
40  140306207757864  0
45  140627913778728  0
45  140616382666280  0
45  139940486059560  0
45  140508369548840  0
45  139876589807144  0
45  140506556126760  0
45  0  0
45  0  0
45  140669733606952  0
45  140052255847976  0
50  0  0
50  0  0
50  0  0
50  0  0
50  140212063901224  0
50  140602289780264  0
50  0  0
50  140075675866664  0
50  0  0
50  140417743484456  0
